 periods   return  max_drawdown   sharpe  mean_return  std_return  utility  avg_gross_leverage  min_gross_leverage  max_gross_leverage  base_gross_leverage  attack_gross_leverage  defend_gross_leverage  soft_drawdown  hard_drawdown  recent_loss_cut
  2311.0 0.295556      0.087117 0.034353     0.000118    0.003434 0.302292            6.373302                 1.0                10.0                  7.0                   10.0                    1.0           0.08           0.22           -0.015
  2311.0 0.295355      0.087095 0.034334     0.000118    0.003434 0.302051            6.372876                 1.0                10.0                  7.0                   10.0                    1.0           0.08           0.18           -0.015
  2311.0 0.294857      0.087043 0.034289     0.000118    0.003434 0.301447            6.371815                 1.0                10.0                  7.0                   10.0                    1.0           0.08           0.14           -0.015
  2311.0 0.284515      0.087171 0.033424     0.000114    0.003417 0.287456            6.367806                 1.0                10.0                  7.0                   10.0                    1.0           0.10           0.14           -0.015
  2311.0 0.284515      0.087171 0.033424     0.000114    0.003417 0.287456            6.367806                 1.0                10.0                  7.0                   10.0                    1.0           0.10           0.18           -0.015
  2311.0 0.284515      0.087171 0.033424     0.000114    0.003417 0.287456            6.367806                 1.0                10.0                  7.0                   10.0                    1.0           0.10           0.22           -0.015
  2311.0 0.268337      0.090641 0.032010     0.000109    0.003394 0.260417            6.340644                 1.0                10.0                  7.0                   10.0                    1.0           0.06           0.22           -0.015
  2311.0 0.261594      0.091758 0.031444     0.000106    0.003380 0.249733            6.296629                 1.0                10.0                  7.0                   10.0                    1.0           0.06           0.18           -0.015
  2311.0 0.248034      0.095072 0.029864     0.000102    0.003405 0.224882            6.518823                 2.0                10.0                  7.0                   10.0                    2.0           0.10           0.14           -0.015
  2311.0 0.248034      0.095072 0.029864     0.000102    0.003405 0.224882            6.518823                 2.0                10.0                  7.0                   10.0                    2.0           0.10           0.18           -0.015
  2311.0 0.248034      0.095072 0.029864     0.000102    0.003405 0.224882            6.518823                 2.0                10.0                  7.0                   10.0                    2.0           0.10           0.22           -0.015
  2311.0 0.245440      0.095507 0.029619     0.000101    0.003403 0.220655            6.508703                 2.0                10.0                  7.0                   10.0                    2.0           0.08           0.22           -0.015
  2311.0 0.249006      0.099771 0.029819     0.000102    0.003424 0.218624            6.724362                 3.0                10.0                  7.0                   10.0                    3.0           0.10           0.14           -0.015
  2311.0 0.249006      0.099771 0.029819     0.000102    0.003424 0.218624            6.724362                 3.0                10.0                  7.0                   10.0                    3.0           0.10           0.18           -0.015
  2311.0 0.249006      0.099771 0.029819     0.000102    0.003424 0.218624            6.724362                 3.0                10.0                  7.0                   10.0                    3.0           0.10           0.22           -0.015
  2311.0 0.242925      0.095659 0.029375     0.000100    0.003401 0.216936            6.503333                 2.0                10.0                  7.0                   10.0                    2.0           0.08           0.18           -0.015
  2311.0 0.232623      0.094917 0.030545     0.000095    0.003123 0.212429            6.262224                 2.0                 8.0                  7.0                    8.0                    2.0           0.10           0.14           -0.015
  2311.0 0.232623      0.094917 0.030545     0.000095    0.003123 0.212429            6.262224                 2.0                 8.0                  7.0                    8.0                    2.0           0.10           0.18           -0.015
  2311.0 0.232623      0.094917 0.030545     0.000095    0.003123 0.212429            6.262224                 2.0                 8.0                  7.0                    8.0                    2.0           0.10           0.22           -0.015
  2311.0 0.244331      0.100281 0.029381     0.000100    0.003419 0.211433            6.708413                 3.0                10.0                  7.0                   10.0                    3.0           0.08           0.22           -0.015
  2311.0 0.238811      0.095964 0.028980     0.000098    0.003398 0.210785            6.491277                 2.0                10.0                  7.0                   10.0                    2.0           0.08           0.14           -0.015
  2311.0 0.230372      0.095350 0.030315     0.000095    0.003120 0.208609            6.253828                 2.0                 8.0                  7.0                    8.0                    2.0           0.08           0.22           -0.015
  2311.0 0.241651      0.100457 0.029126     0.000100    0.003417 0.207468            6.700178                 3.0                10.0                  7.0                   10.0                    3.0           0.08           0.18           -0.015
  2311.0 0.228807      0.095501 0.030151     0.000094    0.003119 0.206159            6.249068                 2.0                 8.0                  7.0                    8.0                    2.0           0.08           0.18           -0.015
  2311.0 0.219895      0.089750 0.029434     0.000091    0.003084 0.203006            6.034617                 1.0                 8.0                  7.0                    8.0                    1.0           0.10           0.14           -0.015

Wrote reports/risk_sweep.csv
